HaploidChromosomeNum = 10
RandomSeed = 0.1
Pop1AvgAlleleFreq = 1
Pop1AvgAlleleFreqStdev = 0
Pop2AvgAlleleFreq = 1
Pop2AvgAlleleFreqStdev = 0
:chr 1	len = 2.5e+07	centromere = 2.5e+07

Num	Position Percentage	Position Abs.	Freq. Pop 1	Freq. Pop 2
1	0.0748879	1.8722e+06	1	0
2	0.0881627	2.20407e+06	1	0
3	0.129177	3.22942e+06	1	0
4	0.15321	3.83026e+06	1	0
5	0.210572	5.26431e+06	1	0
6	0.400379	1.00095e+07	1	0
7	0.512215	1.28054e+07	1	0
8	0.566743	1.41686e+07	1	0
9	0.618324	1.54581e+07	1	0
10	0.633558	1.58389e+07	1	0
11	0.883445	2.20861e+07	1	0
:chr 2	len = 2.5e+07	centromere = 2.5e+07

Num	Position Percentage	Position Abs.	Freq. Pop 1	Freq. Pop 2
1	0.209103	5.22758e+06	1	0
2	0.297479	7.43697e+06	1	0
3	0.527073	1.31768e+07	1	0
4	0.592396	1.48099e+07	1	0
5	0.628854	1.57213e+07	1	0
6	0.657083	1.64271e+07	1	0
7	0.662577	1.65644e+07	1	0
8	0.676862	1.69216e+07	1	0
9	0.731609	1.82902e+07	1	0
10	0.807924	2.01981e+07	1	0
11	0.814506	2.03627e+07	1	0
:chr 3	len = 2.5e+07	centromere = 2.5e+07

Num	Position Percentage	Position Abs.	Freq. Pop 1	Freq. Pop 2
1	0.0186901	467252	1	0
2	0.266498	6.66244e+06	1	0
3	0.309182	7.72955e+06	1	0
4	0.367069	9.17672e+06	1	0
5	0.397398	9.93495e+06	1	0
6	0.501175	1.25294e+07	1	0
7	0.660328	1.65082e+07	1	0
8	0.76017	1.90042e+07	1	0
9	0.789588	1.97397e+07	1	0
10	0.942784	2.35696e+07	1	0
11	0.96694	2.41735e+07	1	0
:chr 4	len = 2.5e+07	centromere = 2.5e+07

Num	Position Percentage	Position Abs.	Freq. Pop 1	Freq. Pop 2
1	0.0273419	683548	1	0
2	0.0370651	926628	1	0
3	0.188408	4.71019e+06	1	0
4	0.256756	6.4189e+06	1	0
5	0.287439	7.18597e+06	1	0
6	0.310215	7.75537e+06	1	0
7	0.471351	1.17838e+07	1	0
8	0.472296	1.18074e+07	1	0
9	0.480705	1.20176e+07	1	0
10	0.615963	1.53991e+07	1	0
11	0.662414	1.65603e+07	1	0
:chr 5	len = 2.5e+07	centromere = 2.5e+07

Num	Position Percentage	Position Abs.	Freq. Pop 1	Freq. Pop 2
1	0.0139352	348379	1	0
2	0.0970223	2.42556e+06	1	0
3	0.229215	5.73038e+06	1	0
4	0.280034	7.00086e+06	1	0
5	0.406173	1.01543e+07	1	0
6	0.565268	1.41317e+07	1	0
7	0.611078	1.52769e+07	1	0
8	0.638325	1.59581e+07	1	0
9	0.643239	1.6081e+07	1	0
10	0.941886	2.35471e+07	1	0
11	0.981767	2.45442e+07	1	0
:chr 6	len = 2.5e+07	centromere = 2.5e+07

Num	Position Percentage	Position Abs.	Freq. Pop 1	Freq. Pop 2
1	0.0462248	1.15562e+06	1	0
2	0.237673	5.94183e+06	1	0
3	0.259323	6.48308e+06	1	0
4	0.445831	1.11458e+07	1	0
5	0.44766	1.11915e+07	1	0
6	0.46162	1.15405e+07	1	0
7	0.644094	1.61023e+07	1	0
8	0.699995	1.74999e+07	1	0
9	0.805477	2.01369e+07	1	0
10	0.883451	2.20863e+07	1	0
11	0.94632	2.3658e+07	1	0
:chr 7	len = 2.5e+07	centromere = 2.5e+07

Num	Position Percentage	Position Abs.	Freq. Pop 1	Freq. Pop 2
1	0.0656515	1.64129e+06	1	0
2	0.234148	5.85369e+06	1	0
3	0.247813	6.19533e+06	1	0
4	0.358028	8.9507e+06	1	0
5	0.501442	1.25361e+07	1	0
6	0.532025	1.33006e+07	1	0
7	0.584089	1.46022e+07	1	0
8	0.605961	1.5149e+07	1	0
9	0.817122	2.0428e+07	1	0
10	0.827118	2.0678e+07	1	0
11	0.981027	2.45257e+07	1	0
:chr 8	len = 2.5e+07	centromere = 2.5e+07

Num	Position Percentage	Position Abs.	Freq. Pop 1	Freq. Pop 2
1	0.0470096	1.17524e+06	1	0
2	0.148927	3.72318e+06	1	0
3	0.18653	4.66326e+06	1	0
4	0.246896	6.1724e+06	1	0
5	0.272253	6.80634e+06	1	0
6	0.329305	8.23262e+06	1	0
7	0.439065	1.09766e+07	1	0
8	0.617606	1.54402e+07	1	0
9	0.617914	1.54479e+07	1	0
10	0.778794	1.94698e+07	1	0
11	0.946459	2.36615e+07	1	0
:chr 9	len = 2.5e+07	centromere = 2.5e+07

Num	Position Percentage	Position Abs.	Freq. Pop 1	Freq. Pop 2
1	0.0685625	1.71406e+06	1	0
2	0.253558	6.33894e+06	1	0
3	0.290552	7.26381e+06	1	0
4	0.56373	1.40933e+07	1	0
5	0.615107	1.53777e+07	1	0
6	0.674543	1.68636e+07	1	0
7	0.857416	2.14354e+07	1	0
8	0.880025	2.20006e+07	1	0
9	0.888457	2.22114e+07	1	0
10	0.965147	2.41287e+07	1	0
11	0.997327	2.49332e+07	1	0
:chr 10	len = 2.5e+07	centromere = 2.5e+07

Num	Position Percentage	Position Abs.	Freq. Pop 1	Freq. Pop 2
1	0.0290828	727070	1	0
2	0.109673	2.74182e+06	1	0
3	0.254575	6.36439e+06	1	0
4	0.274386	6.85965e+06	1	0
5	0.280141	7.00352e+06	1	0
6	0.301197	7.52992e+06	1	0
7	0.368096	9.2024e+06	1	0
8	0.382137	9.55342e+06	1	0
9	0.578972	1.44743e+07	1	0
10	0.664128	1.66032e+07	1	0
11	0.770513	1.92628e+07	1	0
