:chr 1
:ExpectedMaleRecPerMeiosisArm1 = 1
:ExpectedMaleRecPerMeiosisArm2 = 0
:ExpectedFemaleRecPerMeiosisArm1 = 1
:ExpectedFemaleRecPerMeiosisArm2 = 0
	male	male_accumulative	female	female_accumulative	Male_recombination_fraction	Female_recombination_fraction	Avg_recombination_fraction	Kosambi_male_interval	Kosambi_male_pos	Kosambi_female_interval	Kosambi_female_pos	Kosambi_both_interval	Kosambi_both_pos
2884126.642	0	0	0.04872939061	0.04872939061	0	0.004872939061	0.002436469531	0	0	0.004873093351	0.004873093351	0.002436488816	0.002436488816
5613543.934	0.07669064644	0.07669064644	0.06905678247	0.1177861731	0.007669064644	0.006905678247	0.007287371446	0.007669666133	0.007669666133	0.006906117391	0.01177921074	0.007287887513	0.009724376329
10430121.02	0.03476948494	0.1114601314	0	0.1177861731	0.003476948494	0	0.001738474247	0.00347700454	0.01114667067	0	0.01177921074	0.001738481253	0.01146285758
10855423.3	0.01702822314	0.1284883545	0.03172002508	0.1495061982	0.001702822314	0.003172002508	0.002437412411	0.001702828897	0.01284949957	0.003172045063	0.0149512558	0.002437431719	0.0139002893
11243459.65	0.06593692513	0.1944252796	0.0269876539	0.1764938521	0.006593692513	0.00269876539	0.004646228952	0.006594074783	0.01944357435	0.002698791599	0.0176500474	0.004646362692	0.01854665199
11691435.87	0.03631020743	0.2307354871	0.03595733914	0.2124511912	0.003631020743	0.003595733914	0.003613377328	0.003631084575	0.02307465893	0.003595795903	0.02124584331	0.003613440234	0.02216009223
13060926.08	0.07727809515	0.3080135822	0.01941064184	0.231861833	0.007727809515	0.001941064184	0.004834436849	0.007728424933	0.03080308386	0.001941073935	0.02318691724	0.00483458751	0.02699467974
13706448.03	0.05209202521	0.3601056074	0.08545076448	0.3173125975	0.005209202521	0.008545076448	0.006877139484	0.005209391008	0.03601247487	0.008545908523	0.03173282576	0.006877573206	0.03387225294
14373179.61	0.02773338415	0.3878389916	0.008998389693	0.3263109872	0.002773338415	0.0008998389693	0.001836588692	0.002773366857	0.03878584173	0.0008998399408	0.03263266571	0.001836596952	0.0357088499
15470722.16	0.0823874565	0.4702264481	0.0808797871	0.4071907743	0.00823874565	0.00808797871	0.00816336218	0.008239491399	0.04702533312	0.008088684259	0.04072134996	0.008164087643	0.04387293754
17763865.36	0.05311137686	0.5233378249	0.03685311228	0.4440438866	0.005311137686	0.003685311228	0.004498224457	0.005311337456	0.05233667058	0.003685377966	0.04440672793	0.004498345819	0.04837128336
17812056.21	0.08023649083	0.6035743158	0.06167419556	0.5057180821	0.008023649083	0.006167419556	0.007095534319	0.008024337928	0.06036100851	0.006167732372	0.0505744603	0.007096010692	0.05546729405
18097858.12	0.04170761679	0.6452819326	0.04697933914	0.5526974213	0.004170761679	0.004697933914	0.004434347796	0.004170858418	0.06453186693	0.004698072169	0.05527253247	0.004434464061	0.05990175811
21069334.05	0.04100453112	0.6862864637	0.03936641489	0.5920638362	0.004100453112	0.003936641489	0.0040185473	0.004100545041	0.06863241197	0.003936722834	0.05920925531	0.00401863383	0.06392039194
21706363.23	0.06274981996	0.7490362836	0.1214693732	0.7135332094	0.006274981996	0.01214693732	0.009210959659	0.006275311467	0.07490772343	0.01214932785	0.07135858315	0.009212001837	0.07313239378
22286476.19	0.0220127073	0.7710489909	0.07403660361	0.787569813	0.00220127073	0.007403660361	0.004802465545	0.002201284952	0.07710900839	0.007404201533	0.07876278468	0.004802613237	0.07793500701
22314867.11	0.07580336973	0.8468523607	0.05133202534	0.8389018383	0.007580336973	0.005133202534	0.006356769754	0.007580917823	0.08468992621	0.005133382891	0.08389616757	0.006357112277	0.08429211929
24089516.23	0.05687720318	0.9037295639	0.06011242355	0.8990142619	0.005687720318	0.006011242355	0.005849481336	0.005687965669	0.09037789188	0.006011532002	0.08990769958	0.005849748223	0.09014186751
24119920.27	0.04232532295	0.9460548868	0.05282054936	0.9518348112	0.004232532295	0.005282054936	0.004757293615	0.004232633396	0.09461052527	0.005282251442	0.09518995102	0.004757437178	0.09489930469
24569265.32	0.0539451132	1	0.04816518875	1	0.00539451132	0.004816518875	0.005105515097	0.005394720647	0.1000052459	0.004816667867	0.1000066189	0.005105692551	0.1000049972
:chr 2
:ExpectedMaleRecPerMeiosisArm1 = 1
:ExpectedMaleRecPerMeiosisArm2 = 0
:ExpectedFemaleRecPerMeiosisArm1 = 1
:ExpectedFemaleRecPerMeiosisArm2 = 0
	male	male_accumulative	female	female_accumulative	Male_recombination_fraction	Female_recombination_fraction	Avg_recombination_fraction	Kosambi_male_interval	Kosambi_male_pos	Kosambi_female_interval	Kosambi_female_pos	Kosambi_both_interval	Kosambi_both_pos
237629.9236	0.03230609244	0.03230609244	0.08010043545	0.08010043545	0.003230609244	0.008010043545	0.005620326394	0.003230654202	0.003230654202	0.008010728891	0.008010728891	0.005620563126	0.005620563126
386896.7995	0.05110724886	0.0834133413	0.09440508236	0.1745055178	0.005110724886	0.009440508236	0.007275616561	0.005110902883	0.008341557085	0.009441630301	0.01745235919	0.007276130135	0.01289669326
904806.8783	0.01330590237	0.09671924367	0.03483073784	0.2093362556	0.001330590237	0.003483073784	0.002406832011	0.001330593378	0.009672150463	0.003483130127	0.02093548932	0.002406850601	0.01530354386
1103306.318	0.08968079007	0.1864000337	0.03295652911	0.2422927848	0.008968079007	0.003295652911	0.006131865959	0.008969040887	0.01864119135	0.003295700639	0.02423118996	0.006132173395	0.02143571726
1311940.479	0.02188309773	0.2082831315	0	0.2422927848	0.002188309773	0	0.001094154886	0.002188323745	0.02082951509	0	0.02423118996	0.001094156633	0.02252987389
2059141.594	0.05709532775	0.2653784592	0.04699532544	0.2892881102	0.005709532775	0.004699532544	0.00520453266	0.005709780959	0.02653929605	0.004699670941	0.0289308609	0.00520472064	0.02773459453
7426085.186	0.06869707236	0.3340755316	0.03752464012	0.3268127503	0.006869707236	0.003752464012	0.005311085624	0.006870139553	0.03340943561	0.003752534466	0.03268339536	0.005311285388	0.03304587992
9034845.016	0.1065043262	0.4405798577	0.06299480929	0.3898075596	0.01065043262	0.006299480929	0.008474956772	0.01065204385	0.04406147946	0.006299814274	0.03898320964	0.008475768529	0.04152164845
9797463.547	0.02771332612	0.4682931838	0.07169245593	0.4615000155	0.002771332612	0.007169245593	0.004970289102	0.002771360992	0.04683284045	0.007169736967	0.04615294661	0.004970452825	0.04649210127
10499236.22	0.005733418211	0.4740266021	0.09809521875	0.5595952343	0.0005733418211	0.009809521875	0.005191431848	0.0005733420724	0.04740618252	0.00981078075	0.05596372736	0.005191618412	0.05168371969
13525816.59	0.06031937132	0.5343459734	0.032699294	0.5922945283	0.006031937132	0.0032699294	0.004650933266	0.006032229781	0.0534384123	0.003269976019	0.05923370337	0.004651067413	0.0563347871
13844504.55	0.0337212439	0.5680672173	0.01695446738	0.6092489957	0.00337212439	0.001695446738	0.002533785564	0.003372175519	0.05681058782	0.001695453236	0.06092915661	0.002533807254	0.05886859435
14514963.04	0.06860361301	0.6366708303	0.1081281283	0.717377124	0.006860361301	0.01081281283	0.008836587066	0.006860791857	0.06367137968	0.01081449891	0.07174365552	0.008837507248	0.0677061016
18465815.96	0.04618116406	0.6828519944	0.02018121285	0.7375583368	0.004618116406	0.002018121285	0.003318118846	0.004618247734	0.06828962741	0.002018132244	0.07376178776	0.003318167556	0.07102426916
18648037.35	0.07994479399	0.7627967883	0.0231395222	0.760697859	0.007994479399	0.00231395222	0.00515421581	0.007995160758	0.07628478817	0.00231396874	0.0760757565	0.00515439839	0.07617866755
19924985.95	0.05328920995	0.8160859983	0.06753344086	0.8282312999	0.005328920995	0.006753344086	0.00604113254	0.005329122779	0.08161391095	0.006753754803	0.0828295113	0.00604142653	0.08222009408
20648387.43	0.02297835202	0.8390643503	0.04884731931	0.8770786192	0.002297835202	0.004884731931	0.003591283567	0.00229785138	0.08391176233	0.004884887344	0.08771439865	0.003591345326	0.0858114394
24222768.4	0.1083252857	0.9473896361	0	0.8770786192	0.01083252857	0	0.005416264287	0.01083422389	0.09474598622	0	0.08771439865	0.005416476157	0.09122791556
24504013.24	0.02063831296	0.968027949	0.03096803778	0.908046657	0.002063831296	0.003096803778	0.002580317537	0.002063843017	0.09680982923	0.003096843377	0.09081124202	0.002580340444	0.093808256
24813141.89	0.03197205098	1	0.09195334303	1	0.003197205098	0.009195334303	0.0061962697	0.003197248675	0.1000070779	0.009196371185	0.1000076132	0.006196586927	0.1000048429
:chr 3
:ExpectedMaleRecPerMeiosisArm1 = 1
:ExpectedMaleRecPerMeiosisArm2 = 0
:ExpectedFemaleRecPerMeiosisArm1 = 1
:ExpectedFemaleRecPerMeiosisArm2 = 0
	male	male_accumulative	female	female_accumulative	Male_recombination_fraction	Female_recombination_fraction	Avg_recombination_fraction	Kosambi_male_interval	Kosambi_male_pos	Kosambi_female_interval	Kosambi_female_pos	Kosambi_both_interval	Kosambi_both_pos
647127.7799	0.03575052295	0.03575052295	0.03343237472	0.03343237472	0.003575052295	0.003343237472	0.003459144883	0.00357511322	0.00357511322	0.003343287298	0.003343287298	0.003459200073	0.003459200073
922264.9391	0.05204305819	0.08779358114	0.06070651443	0.09413888915	0.005204305819	0.006070651443	0.005637478631	0.005204493775	0.008779606995	0.006070949763	0.009414237061	0.005637717537	0.00909691761
1530581.993	0.04313532676	0.1309289079	0.06420751452	0.1583464037	0.004313532676	0.006420751452	0.005367142064	0.004313639694	0.01309324669	0.006421104424	0.01583534148	0.005367348221	0.01446426583
4223444.629	0.04039154586	0.1713204538	0.003346770489	0.1616931742	0.004039154586	0.0003346770489	0.002186915818	0.004039242454	0.01713248914	0.0003346770988	0.01617001858	0.002186929763	0.01665119559
6396313.061	0.05258983339	0.2239102871	0.04528768504	0.2069808592	0.005258983339	0.004528768504	0.004893875921	0.005259177281	0.02239166642	0.004528892355	0.02069891094	0.004894032208	0.0215452278
7406279.087	0.03230136078	0.2562116479	0.06192455432	0.2689054135	0.003230136078	0.006192455432	0.004711295755	0.003230181016	0.02562184744	0.006192772073	0.02689168301	0.004711435194	0.026256663
9040028.559	0.03437828898	0.2905899369	0.04528502039	0.3141904339	0.003437828898	0.004528502039	0.003983165469	0.003437883074	0.02905973051	0.004528625869	0.03142030888	0.003983249732	0.03023991273
9731785.945	0.0566926842	0.3472826211	0.04468390299	0.3588743369	0.00566926842	0.004468390299	0.005068829359	0.00566951139	0.0347292419	0.004468509262	0.03588881814	0.005069003015	0.03530891574
12719971.78	0.0732167524	0.4204993735	0.04292005816	0.4017943951	0.00732167524	0.004292005816	0.005806840528	0.007322198631	0.04205144053	0.00429211124	0.04018092938	0.00580710162	0.04111601736
13526098.21	0.07249970004	0.4929990736	0.09088795699	0.492682352	0.007249970004	0.009088795699	0.008169382852	0.007250478166	0.0493019187	0.009089796952	0.04927072633	0.008170109921	0.04928612728
14338856.91	0.03482100179	0.5278200753	0.05375686958	0.5464392216	0.003482100179	0.005375686958	0.004428893568	0.003482156475	0.05278407518	0.005375894101	0.05464662044	0.004429009405	0.05371513669
14857422.87	0.05038409901	0.5782041744	0.08125586797	0.6276950896	0.005038409901	0.008125586797	0.006581998349	0.005038580449	0.05782265562	0.008126302235	0.06277292267	0.006582378588	0.06029751528
15221890.78	0.007398181234	0.5856023556	0.06229022939	0.689985319	0.0007398181234	0.006229022939	0.003484420531	0.0007398186633	0.05856247429	0.006229345223	0.06900226789	0.003484476939	0.06378199222
16636580.9	0.04604947092	0.6316518265	0.02937805965	0.7193633786	0.004604947092	0.002937805965	0.003771376529	0.0046050773	0.06316755159	0.002937839773	0.07194010767	0.003771448053	0.06755344027
17074883.2	0.03669468585	0.6683465124	0.0184198646	0.7377832432	0.003669468585	0.00184198646	0.002755727523	0.003669534467	0.06683708605	0.001841994793	0.07378210246	0.002755755426	0.0703091957
17287581.68	0.07996583842	0.7483123508	0.1070535523	0.8448367955	0.007996583842	0.01070535523	0.009350969534	0.007997265739	0.07483435179	0.01070699152	0.08448909398	0.009352059969	0.07966125566
17719067.51	0.06106576323	0.809378114	0.0339815269	0.8788183224	0.006106576323	0.00339815269	0.004752364506	0.006106879971	0.08094123176	0.003398205011	0.08788729899	0.004752507623	0.08441376329
17825735.58	0.06963375827	0.8790118723	0.03980077405	0.9186190964	0.006963375827	0.003980077405	0.005471726616	0.006963826071	0.08790505784	0.003980161473	0.09186746046	0.005471945061	0.08988570835
18473649.98	0.0503629112	0.9293747835	0.05026325133	0.9688823478	0.00503629112	0.005026325133	0.005031308127	0.005036461453	0.09294151929	0.005026494457	0.09689395492	0.005031477954	0.0949171863
19283624.57	0.07062521652	1	0.03111765222	1	0.007062521652	0.003111765222	0.005087143437	0.007062991405	0.1000045107	0.003111805399	0.1000057603	0.005087318982	0.1000045053
:chr 4
:ExpectedMaleRecPerMeiosisArm1 = 1
:ExpectedMaleRecPerMeiosisArm2 = 0
:ExpectedFemaleRecPerMeiosisArm1 = 1
:ExpectedFemaleRecPerMeiosisArm2 = 0
	male	male_accumulative	female	female_accumulative	Male_recombination_fraction	Female_recombination_fraction	Avg_recombination_fraction	Kosambi_male_interval	Kosambi_male_pos	Kosambi_female_interval	Kosambi_female_pos	Kosambi_both_interval	Kosambi_both_pos
1316253.096	0.02797445057	0.02797445057	0.06948758036	0.06948758036	0.002797445057	0.006948758036	0.004873101546	0.002797474246	0.002797474246	0.006949205451	0.006949205451	0.004873255851	0.004873255851
3424502.654	0.03394016246	0.06191461303	0.03059833005	0.1000859104	0.003394016246	0.003059833005	0.003226924626	0.003394068377	0.006191542623	0.003059871203	0.01000907665	0.00322696943	0.008100225281
5026521.117	0.08419970884	0.1461143219	0.07113177486	0.1712176853	0.008419970884	0.007113177486	0.007766574185	0.008420766941	0.01461230956	0.007113657421	0.01712273408	0.007767198912	0.01586742419
8204490.753	0.03550061173	0.1816149336	0.01447305932	0.1856907446	0.003550061173	0.001447305932	0.002498683553	0.00355012083	0.01816243039	0.001447309975	0.01857004405	0.002498704354	0.01836612855
8292710.889	0.001746458861	0.1833613925	0.04285953086	0.2285502754	0.0001746458861	0.004285953086	0.002230299486	0.0001746458932	0.01833707629	0.004286058064	0.02285610211	0.002230314278	0.02059644282
9202557.515	0.06205494805	0.2454163405	0.06043038325	0.2889806587	0.006205494805	0.006043038325	0.006124266565	0.006205813451	0.02454288974	0.006043332593	0.02889943471	0.00612457286	0.02672101568
9785559.719	0.06808871909	0.3135050596	0.08075021063	0.3697308693	0.006808871909	0.008075021063	0.007441946486	0.006809292841	0.03135218258	0.008075723225	0.03697515793	0.007442496098	0.03416351178
12658670.42	0.01713098592	0.3306360455	0.03822069335	0.4079515627	0.001713098592	0.003822069335	0.002767583964	0.001713105295	0.03306528788	0.003822143783	0.04079730171	0.002767612229	0.03693112401
13928380.67	0.09367501283	0.4243110584	0.07654489469	0.4844964574	0.009367501283	0.007654489469	0.008510995376	0.009368597513	0.04243388539	0.007655087534	0.04845238925	0.008511817534	0.04544294154
14767977.99	0.05014844633	0.4744595047	0.05821880716	0.5427152645	0.005014844633	0.005821880716	0.005418362674	0.005015012799	0.04744889819	0.005822143842	0.05427453309	0.005418574791	0.05086151634
14999890.35	0.03081945608	0.5052789608	0.03543637079	0.5781516353	0.003081945608	0.003543637079	0.003312791344	0.00308198464	0.05053088283	0.003543696412	0.0578182295	0.00331283982	0.05417435616
17931025.05	0.03826701757	0.5435459783	0.04377924723	0.6219308825	0.003826701757	0.004377924723	0.00410231324	0.003826776475	0.0543576593	0.004378036606	0.06219626611	0.004102405294	0.05827676145
21013136.23	0.07883551205	0.6223814904	0.06675004139	0.6886809239	0.007883551205	0.006675004139	0.007279277672	0.00788420459	0.06224186389	0.006675400727	0.06887166684	0.007279792022	0.06555655347
21400954.06	0.08960636313	0.7119878535	0.05278783572	0.7414687596	0.008960636313	0.005278783572	0.007119709943	0.0089615958	0.07120345969	0.005278979713	0.07415064655	0.007120191201	0.07267674467
22310149.21	0.08745469603	0.7994425495	0.002511336206	0.7439800959	0.008745469603	0.0002511336206	0.004498301612	0.008746361609	0.0799498213	0.0002511336417	0.07440178019	0.00449842298	0.07717516765
22356144.98	0.004036430686	0.8034789802	0.03529064764	0.7792707435	0.0004036430686	0.003529064764	0.001966353916	0.0004036431563	0.08035346446	0.003529123368	0.07793090356	0.001966364054	0.07914153171
22545675.34	0.02978406756	0.8332630478	0.06547263896	0.8447433825	0.002978406756	0.006547263896	0.004762835326	0.002978441985	0.08333190644	0.006547638147	0.08447854171	0.004762979392	0.0839045111
23108177.37	0.03504502959	0.8683080774	0.05322160353	0.897964986	0.003504502959	0.005322160353	0.004413331656	0.003504560349	0.08683646679	0.005322361369	0.08980090308	0.004413446275	0.08831795737
23843709.44	0.09822069227	0.9665287697	0.05371939564	0.9516843816	0.009822069227	0.005371939564	0.007597004395	0.009823332939	0.09665979973	0.005372146274	0.09517304935	0.007597589086	0.09591554646
24217148.94	0.03347123035	1	0.04831561838	1	0.003347123035	0.004831561838	0.004089342436	0.003347173034	0.1000069728	0.00483171223	0.1000047616	0.00408943362	0.1000049801
:chr 5
:ExpectedMaleRecPerMeiosisArm1 = 1
:ExpectedMaleRecPerMeiosisArm2 = 0
:ExpectedFemaleRecPerMeiosisArm1 = 1
:ExpectedFemaleRecPerMeiosisArm2 = 0
	male	male_accumulative	female	female_accumulative	Male_recombination_fraction	Female_recombination_fraction	Avg_recombination_fraction	Kosambi_male_interval	Kosambi_male_pos	Kosambi_female_interval	Kosambi_female_pos	Kosambi_both_interval	Kosambi_both_pos
955327.1466	0.05282471722	0.05282471722	0.03420722914	0.03420722914	0.005282471722	0.003420722914	0.004351597318	0.005282668275	0.005282668275	0.003420776285	0.003420776285	0.004351707195	0.004351707195
2268200.951	0.05065171489	0.1034764321	0.05489135003	0.08909857917	0.005065171489	0.005489135003	0.005277153246	0.005065344769	0.01034801304	0.00548935554	0.008910131825	0.005277349206	0.0096290564
2427687.101	0.06478776451	0.1682641966	0.0363127814	0.1254113606	0.006478776451	0.00363127814	0.005055027295	0.006479139079	0.01682715212	0.003631341985	0.01254147381	0.005055199536	0.01468425594
2901567.695	0.03285179989	0.2011159965	0.01427637379	0.1396877344	0.003285179989	0.001427637379	0.002356408684	0.003285227263	0.02011237939	0.001427641259	0.01396911507	0.00235642613	0.01704068207
3490804.801	0.04311198541	0.2442279819	0.03670149429	0.1763892286	0.004311198541	0.003670149429	0.003990673985	0.004311305385	0.02442368477	0.003670215347	0.01763933042	0.003990758726	0.02103144079
5680151.554	0.08792570419	0.3321536861	0.02853511099	0.2049243396	0.008792570419	0.002853511099	0.005823040759	0.008793476917	0.03321716169	0.002853542079	0.0204928725	0.005823304042	0.02685474483
6678825.957	0.1121611348	0.4443148209	0.04478229403	0.2497066337	0.01121611348	0.004478229403	0.007847171444	0.01121799539	0.04443515708	0.004478349154	0.02497122165	0.007847815824	0.03470256066
8210806.878	0.02997466081	0.4742894818	0.01063299789	0.2603396316	0.002997466081	0.001063299789	0.002030382935	0.002997501991	0.04743265907	0.001063301392	0.02603452304	0.002030394095	0.03673295475
8312149.093	0.0841745408	0.5584640226	0.09157281926	0.3519124508	0.00841745408	0.009157281926	0.008787368003	0.008418249423	0.05585090849	0.009158305987	0.03519282903	0.008788272893	0.04552122765
12222358.01	0.05970155088	0.6181655734	0.03425973776	0.3861721886	0.005970155088	0.003425973776	0.004698064432	0.005970438836	0.06182134732	0.003426027393	0.03861885642	0.004698202699	0.05021943035
14126768.62	0.04176247924	0.6599280527	0.04775398489	0.4339261735	0.004176247924	0.004775398489	0.004475823206	0.004176345045	0.06599769237	0.004775543697	0.04339440012	0.004475942764	0.05469537311
14240736.26	0.06870510373	0.7286331564	0.08837777052	0.522303944	0.006870510373	0.008837777052	0.007854143712	0.006870942842	0.07286863521	0.008838697606	0.05223309772	0.007854789812	0.06255016292
14709149.57	0.04014307543	0.7687762318	0.09523910876	0.6175430527	0.004014307543	0.009523910876	0.006769109209	0.004014393798	0.07688302901	0.009525062947	0.06175816067	0.00676952281	0.06931968573
14982605.98	0.01757362013	0.786349852	0.05651688504	0.6740599378	0.001757362013	0.005651688504	0.003704525258	0.001757369249	0.07864039826	0.005651929221	0.06741008989	0.003704593046	0.07302427878
16684483.95	0.04225853446	0.8286083864	0.05641309542	0.7304730332	0.004225853446	0.005641309542	0.004933581494	0.004225954069	0.08286635233	0.005641548935	0.07305163883	0.004933741616	0.07795802039
20403482.56	0.00557066123	0.8341790476	0.03053253363	0.7610055668	0.000557066123	0.003053253363	0.001805159743	0.0005570663535	0.08342341868	0.003053291315	0.07610493014	0.001805167586	0.07976318798
21501918.93	0.07480481657	0.9089838642	0.08794813568	0.8489537025	0.007480481657	0.008794813568	0.008137647612	0.007481039852	0.09090445853	0.00879572076	0.0849006509	0.008138366241	0.08790155422
22636222.21	0.06817056904	0.9771544332	0.04845815295	0.8974118555	0.006817056904	0.004845815295	0.0058314361	0.006817479357	0.09772193789	0.004845967022	0.08974661793	0.005831700524	0.09373325474
23697454.43	0	0.9771544332	0.07023026694	0.9676421224	0	0.007023026694	0.003511513347	0	0.09772193789	0.00702348861	0.09677010653	0.003511571081	0.09724482583
24155401.72	0.02284556675	1	0.0323578776	1	0.002284556675	0.00323578776	0.002760172218	0.002284572573	0.1000065105	0.003235832934	0.1000059395	0.002760200256	0.1000050261
:chr 6
:ExpectedMaleRecPerMeiosisArm1 = 1
:ExpectedMaleRecPerMeiosisArm2 = 0
:ExpectedFemaleRecPerMeiosisArm1 = 1
:ExpectedFemaleRecPerMeiosisArm2 = 0
	male	male_accumulative	female	female_accumulative	Male_recombination_fraction	Female_recombination_fraction	Avg_recombination_fraction	Kosambi_male_interval	Kosambi_male_pos	Kosambi_female_interval	Kosambi_female_pos	Kosambi_both_interval	Kosambi_both_pos
1356935.828	0	0	0.04029854576	0.04029854576	0	0.004029854576	0.002014927288	0	0	0.004029941838	0.004029941838	0.002014938195	0.002014938195
1509238.466	0.04113165483	0.04113165483	0.03052257196	0.07082111772	0.004113165483	0.003052257196	0.00358271134	0.00411325827	0.00411325827	0.003052295111	0.007082236949	0.003582772658	0.005597710853
10515874.15	0.05541545506	0.0965471099	0.05818285157	0.1290039693	0.005541545506	0.005818285157	0.005679915332	0.005541772422	0.009655030691	0.005818547796	0.01290078475	0.005680159674	0.01127787053
12613046.06	0.07214794107	0.168695051	0.0821829554	0.2111869247	0.007214794107	0.00821829554	0.007716544823	0.007215294908	0.0168703256	0.008219035749	0.02111982049	0.007717157554	0.01899502808
13023493.49	0.01459780475	0.1832928557	0.0660494145	0.2772363392	0.001459780475	0.00660494145	0.004032360962	0.001459784622	0.01833011022	0.00660532568	0.02772514617	0.004032448387	0.02302747647
14563958.27	0.07374882405	0.2570416798	0.0717317635	0.3489681027	0.007374882405	0.00717317635	0.007274029377	0.00737541729	0.02570552751	0.007173668533	0.03489881471	0.007274542615	0.03030201908
14839662.65	0.06914858828	0.326190268	0.0362618497	0.3852299524	0.006914858828	0.00362618497	0.005270521899	0.006915299726	0.03262082724	0.003626248548	0.03852506325	0.005270717121	0.0355727362
15684356.27	0.04544065213	0.3716309202	0.04845481081	0.4336847632	0.004544065213	0.004845481081	0.004694773147	0.004544190324	0.03716501756	0.004845632777	0.04337069603	0.004694911124	0.04026764733
16297293.39	0.06418147673	0.4358123969	0.01957444956	0.4532592128	0.006418147673	0.001957444956	0.004187796314	0.006418500215	0.04358351778	0.001957454956	0.04532815099	0.004187894244	0.04445554157
17749938.14	0.05392527185	0.4897376687	0.04287692811	0.4961361409	0.005392527185	0.004287692811	0.004840109998	0.005392736281	0.04897625406	0.004287797917	0.0496159489	0.00484026119	0.04929580276
18575252.93	0.0420700808	0.5318077495	0.02299630917	0.51913245	0.00420700808	0.002299630917	0.003253319498	0.004207107364	0.05318336142	0.002299647132	0.05191559604	0.003253365411	0.05254916817
18646746.33	0.06755112837	0.5993588779	0.0989693842	0.6181018342	0.006755112837	0.00989693842	0.008326025628	0.006755523877	0.0599388853	0.009898231256	0.06181382729	0.008326795333	0.06087596351
20842106.03	0.06756833211	0.66692721	0.0492235133	0.6673253475	0.006756833211	0.00492235133	0.00583959227	0.006757244565	0.06669612986	0.004922510361	0.06673633765	0.005839857805	0.06671582131
21658791.58	0.05218668923	0.7191138992	0.04355656868	0.7108819162	0.005218668923	0.004355656868	0.004787162895	0.005218858439	0.0719149883	0.004355767052	0.0710921047	0.004787309179	0.07150313049
21665082.25	0.06768111042	0.7867950097	0.02540640814	0.7362883243	0.006768111042	0.002540640814	0.004654375928	0.006768524459	0.07868351276	0.00254066268	0.07363276738	0.004654510373	0.07615764086
21997238.72	0.02132892448	0.8081239341	0.05164048814	0.7879288125	0.002132892448	0.005164048814	0.003648470631	0.002132905386	0.08081641815	0.005164232441	0.07879699983	0.003648535388	0.07980617625
24478717.65	0.05782776274	0.8659516969	0.04065904479	0.8285878573	0.005782776274	0.004065904479	0.004924340376	0.005783034134	0.08659945228	0.004065994103	0.08286299393	0.0049244996	0.08473067585
24725695.85	0.03720307884	0.9031547757	0.07193906624	0.9005269235	0.003720307884	0.007193906624	0.005457107254	0.003720376542	0.09031982882	0.007194403087	0.09005739702	0.005457323953	0.0901879998
24806397.8	0.05728681486	0.9604415906	0.04455511587	0.9450820394	0.005728681486	0.004455511587	0.005092096536	0.005728932176	0.096048761	0.004455629524	0.09451302654	0.005092272594	0.0952802724
24906094.58	0.0395584094	1	0.05491796063	1	0.00395584094	0.005491796063	0.004723818502	0.003955923482	0.1000046845	0.005492016922	0.1000050435	0.004723959055	0.1000042315
:chr 7
:ExpectedMaleRecPerMeiosisArm1 = 1
:ExpectedMaleRecPerMeiosisArm2 = 0
:ExpectedFemaleRecPerMeiosisArm1 = 1
:ExpectedFemaleRecPerMeiosisArm2 = 0
	male	male_accumulative	female	female_accumulative	Male_recombination_fraction	Female_recombination_fraction	Avg_recombination_fraction	Kosambi_male_interval	Kosambi_male_pos	Kosambi_female_interval	Kosambi_female_pos	Kosambi_both_interval	Kosambi_both_pos
1270742.622	0.03816709977	0.03816709977	0.103970092	0.103970092	0.003816709977	0.0103970092	0.007106859587	0.003816784111	0.003816784111	0.01039850811	0.01039850811	0.007107338244	0.007107338244
1473229.891	0.06938535457	0.1075524543	0.06289916505	0.166869257	0.006938535457	0.006289916505	0.006614225981	0.0069389809	0.01075576501	0.006290248334	0.01668875645	0.006614611833	0.01372195008
1547714.591	0.03816504646	0.1457175008	0.1292348575	0.2961041145	0.003816504646	0.01292348575	0.008369995196	0.003816578769	0.01457234378	0.01292636481	0.02961512126	0.008370777161	0.02209272724
3976993.195	0.07565561558	0.2213731164	0.03428242773	0.3303865422	0.007565561558	0.003428242773	0.005496902166	0.007566139018	0.0221384828	0.003428296497	0.03304341776	0.00549712364	0.02758985088
4123279.896	0.02282133203	0.2441944484	0.02391026976	0.354296812	0.002282133203	0.002391026976	0.00233658009	0.002282149051	0.02442063185	0.002391045202	0.03543446296	0.002336597099	0.02992644798
4674186.711	0.05289141727	0.2970858657	0.01793295983	0.3722297718	0.005289141727	0.001793295983	0.003541218855	0.005289339025	0.02970997087	0.001793303673	0.03722776663	0.003541278067	0.03346772605
6018441.953	0.05468013748	0.3517660032	0.02403964366	0.3962694155	0.005468013748	0.002403964366	0.003935989057	0.005468231749	0.03517820262	0.00240398289	0.03963174952	0.003936070362	0.03740379641
6676428.465	0.08939045349	0.4411564566	0.01406633589	0.4103357514	0.008939045349	0.001406633589	0.005172839469	0.008939997915	0.04411820054	0.0014066373	0.04103838682	0.005173024035	0.04257682044
8061656.022	0.0515142819	0.4926707385	0	0.4103357514	0.00515142819	0	0.002575714095	0.005151610474	0.04926981101	0	0.04103838682	0.00257573688	0.04515255732
8924459.402	0.05781319865	0.5504839372	0.03109704308	0.4414327944	0.005781319865	0.003109704308	0.004445512086	0.005781577529	0.05505138854	0.003109744404	0.04414813122	0.004445629232	0.04959818655
12039331.84	0.05628304539	0.6067669826	0.1004483308	0.5418811252	0.005628304539	0.01004483308	0.00783656881	0.00562854228	0.06067993082	0.01004618476	0.05419431598	0.007837210581	0.05743539714
13814513.17	0.01136299187	0.6181299744	0.04888355658	0.5907646818	0.001136299187	0.004888355658	0.003012327423	0.001136301143	0.06181623197	0.004888511417	0.0590828274	0.003012363869	0.060447761
14128180.38	0.07703388445	0.6951638589	0.04748978523	0.6382544671	0.007703388445	0.004748978523	0.006226183484	0.007703998046	0.06952023001	0.004749121334	0.06383194873	0.006226505327	0.06667426633
15369864.12	0.04010993916	0.7352737981	0.07799779074	0.7162522578	0.004010993916	0.007799779074	0.005905386495	0.004011079958	0.07353130997	0.007800411848	0.07163236058	0.005905661107	0.07257992744
16561025.92	0.0195561663	0.7548299644	0	0.7162522578	0.00195561663	0	0.000977808315	0.001955626602	0.07548693657	0	0.07163236058	0.0009778095615	0.073557737
20579707.98	0.08506959116	0.8398995555	0.07200073134	0.7882529891	0.008506959116	0.007200073134	0.007853516125	0.008507780105	0.08399471668	0.007200570875	0.07883293145	0.00785416207	0.08141189907
21795818.07	0.03707709474	0.8769766503	0.1005100476	0.8887630367	0.003707709474	0.01005100476	0.006879357116	0.003707777437	0.08770249411	0.01005235893	0.08888529038	0.006879791258	0.08829169033
22112825.77	0.05095490902	0.9279315593	0.01200944087	0.9007724776	0.005095490902	0.001200944087	0.003148217494	0.005095667312	0.09279816143	0.001200946396	0.09008623678	0.003148259099	0.09143994943
24282827.22	0.04567316661	0.9736047259	0.0168432583	0.9176157359	0.004567316661	0.00168432583	0.003125821245	0.004567443702	0.09736560513	0.001684332201	0.09177056898	0.003125861968	0.0945658114
24941139.83	0.02639527411	1	0.08238426413	1	0.002639527411	0.008238426413	0.005438976912	0.002639551932	0.1000051571	0.008239172075	0.1000097411	0.005439191459	0.1000050029
:chr 8
:ExpectedMaleRecPerMeiosisArm1 = 1
:ExpectedMaleRecPerMeiosisArm2 = 0
:ExpectedFemaleRecPerMeiosisArm1 = 1
:ExpectedFemaleRecPerMeiosisArm2 = 0
	male	male_accumulative	female	female_accumulative	Male_recombination_fraction	Female_recombination_fraction	Avg_recombination_fraction	Kosambi_male_interval	Kosambi_male_pos	Kosambi_female_interval	Kosambi_female_pos	Kosambi_both_interval	Kosambi_both_pos
91284.65321	0.06572156832	0.06572156832	0.0006671196189	0.0006671196189	0.006572156832	6.671196189e-05	0.003319434397	0.006572535368	0.006572535368	6.671196229e-05	6.671196229e-05	0.003319483166	0.003319483166
2455938.713	0.06245281467	0.128174383	0.07588436446	0.07655148407	0.006245281467	0.007588436446	0.006916858956	0.006245606282	0.01281814165	0.00758901916	0.007655731122	0.006917300237	0.0102367834
3187376.425	0.05709436971	0.1852687527	0.03952092761	0.1160724117	0.005709436971	0.003952092761	0.004830764866	0.005709685143	0.01852782679	0.003952175067	0.01160790619	0.004830915184	0.01506769859
3370338.715	0.02744201683	0.2127107695	0.02589721887	0.1419696305	0.002744201683	0.002589721887	0.002666961785	0.002744229238	0.02127205603	0.002589745045	0.01419765123	0.002666987078	0.01773468566
5624837.966	0.02608429255	0.2387950621	0.04516385035	0.1871334809	0.002608429255	0.004516385035	0.003562407145	0.002608452919	0.02388050895	0.004516507873	0.01871415911	0.003562467426	0.02129715309
7361646.081	0.03509406154	0.2738891236	0.06445404159	0.2515875225	0.003509406154	0.006445404159	0.004977405157	0.003509463785	0.02738997273	0.006445761212	0.02515992032	0.004977569584	0.02627472268
7591555.853	0.05303186404	0.3269209877	0.09750250402	0.3490900265	0.005303186404	0.009750250402	0.007526718403	0.005303385279	0.03269335801	0.009751486592	0.03491140691	0.007527287014	0.03380200969
7930770.042	0.04054734031	0.367468328	0.02572898688	0.3748190134	0.004054734031	0.002572898688	0.003313816359	0.004054822919	0.03674818093	0.002572921398	0.03748432831	0.003313864881	0.03711587457
9463861.135	0.06237666163	0.4298449896	0.05101754441	0.4258365578	0.006237666163	0.005101754441	0.005669710302	0.006237989791	0.04298617072	0.005101931503	0.04258625981	0.005669953329	0.0427858279
10149146.47	0.1042417658	0.5340867554	0.02707320812	0.4529097659	0.01042417658	0.002707320812	0.006565748694	0.01042568727	0.053411858	0.002707347271	0.04529360708	0.006566126124	0.04935195402
10954281.91	0.07734208513	0.6114288405	0.04676526542	0.4996750313	0.007734208513	0.004676526542	0.006205367527	0.007734825462	0.06114668346	0.004676662916	0.04997027	0.006205686154	0.05555764018
13193057.77	0.08400509511	0.6954339356	0.02677933671	0.526454368	0.008400509511	0.002677933671	0.005539221591	0.00840130006	0.06954798352	0.002677959277	0.05264822928	0.005539448221	0.0610970884
15083472.61	0.03726087819	0.7326948138	0.08249836836	0.6089527364	0.003726087819	0.008249836836	0.005987962327	0.003726156797	0.07327414031	0.008250585601	0.06089881488	0.005988248622	0.06708533702
17074527.07	0.01456291411	0.7472577279	0.05290987418	0.6618626106	0.001456291411	0.005290987418	0.003373639414	0.001456295529	0.07473043584	0.005291184923	0.0661899998	0.003373690612	0.07045902763
17472212.94	0.04591425906	0.793171987	0.0574194008	0.7192820114	0.004591425906	0.00574194008	0.005166682993	0.004591554969	0.07932199081	0.005742192515	0.07193219231	0.005166866902	0.07562589453
19161943.66	0.03248302627	0.8256550132	0.07274456799	0.7920265794	0.003248302627	0.007274456799	0.005261379713	0.003248348327	0.08257033914	0.007274970128	0.07920716244	0.005261573921	0.08088746845
20028048.2	0.06280113031	0.8884561435	0.04960504317	0.8416316226	0.006280113031	0.004960504317	0.005620308674	0.006280443311	0.08885078245	0.004960667075	0.08416782952	0.005620545403	0.08650801386
20091378.93	0.04829432159	0.9367504651	0.0852889318	0.9269205544	0.004829432159	0.00852889318	0.00667916267	0.004829582353	0.0936803648	0.008529720536	0.09269755005	0.00667956	0.09318757386
20281103.87	0.01785246413	0.9546029293	0.02411187761	0.951032432	0.001785246413	0.002411187761	0.002098217087	0.001785253999	0.0954656188	0.002411206452	0.09510875651	0.002098229403	0.09528580326
23527168.45	0.04539707073	1	0.04896756804	1	0.004539707073	0.004896756804	0.004718231939	0.004539831824	0.1000054506	0.004896913367	0.1000056699	0.004718371994	0.1000041753
:chr 9
:ExpectedMaleRecPerMeiosisArm1 = 1
:ExpectedMaleRecPerMeiosisArm2 = 0
:ExpectedFemaleRecPerMeiosisArm1 = 1
:ExpectedFemaleRecPerMeiosisArm2 = 0
	male	male_accumulative	female	female_accumulative	Male_recombination_fraction	Female_recombination_fraction	Avg_recombination_fraction	Kosambi_male_interval	Kosambi_male_pos	Kosambi_female_interval	Kosambi_female_pos	Kosambi_both_interval	Kosambi_both_pos
544414.2853	0.04326221772	0.04326221772	0.0007030418244	0.0007030418244	0.004326221772	7.030418244e-05	0.002198262977	0.004326329738	0.004326329738	7.03041829e-05	7.03041829e-05	0.002198277141	0.002198277141
3520396.202	0	0.04326221772	0.07450212236	0.07520516419	0	0.007450212236	0.003725106118	0	0.004326329738	0.007450763682	0.007521067864	0.003725175042	0.005923452183
3985724.565	0.06624792624	0.109510144	0.001432832146	0.07663799633	0.006624792624	0.0001432832146	0.003384037919	0.006625180329	0.01095151007	0.0001432832185	0.007664351083	0.003384089591	0.009307541774
7889334.744	0.04045677007	0.149966914	0.07565243777	0.1522904341	0.004045677007	0.007565243777	0.005805460392	0.004045765301	0.01499727537	0.007565821164	0.01523017225	0.005805721298	0.01511326307
8079345.341	0.04847473387	0.1984416479	0.01371848981	0.1660089239	0.004847473387	0.001371848981	0.003109661184	0.00484762527	0.01984490064	0.001371852424	0.01660202467	0.003109701279	0.01822296435
8964673.631	0.04922920436	0.2476708523	0.09341327838	0.2594222023	0.004922920436	0.009341327838	0.007132124137	0.004923079523	0.02476798016	0.009342414903	0.02594443957	0.007132607918	0.02535557227
9284820.423	0.09447472121	0.3421455735	0.09902905504	0.3584512573	0.009447472121	0.009902905504	0.009675188812	0.00944859667	0.03421657683	0.009904200681	0.03584864025	0.009676396667	0.03503196894
10206405.33	0.04829884766	0.3904444211	0.07991968094	0.4383709383	0.004829884766	0.007991968094	0.00641092643	0.004830035002	0.03904661183	0.007992648811	0.04384128907	0.006411277783	0.04144324672
10286995.4	0.07152902625	0.4619734474	0.03259653033	0.4709674686	0.007152902625	0.003259653033	0.005206277829	0.007153390647	0.04620000248	0.003259699214	0.04710098828	0.005206465999	0.04664971272
16496123.69	0.0508261881	0.5127996355	0.0539168835	0.5248843521	0.00508261881	0.00539168835	0.00523715358	0.005082793887	0.05128279637	0.005391897349	0.05249288563	0.005237345117	0.05188705784
18152311.23	0.0751067663	0.5879064018	0.0002916126956	0.5251759648	0.00751067663	2.916126956e-05	0.00376991895	0.007511241612	0.05879403798	2.91612696e-05	0.0525220469	0.003769990391	0.05565704823
18851808.96	0.04050773642	0.6284141382	0.05449063323	0.579666598	0.004050773642	0.005449063323	0.004749918482	0.00405086227	0.06284490025	0.005449279065	0.05797132596	0.004750061379	0.06040710961
19534286.54	0.04204008881	0.670454227	0.01759391246	0.5972605105	0.004204008881	0.001759391246	0.002981700064	0.004204107952	0.0670490082	0.001759398508	0.05973072447	0.00298173541	0.06338884502
21300145.46	0.0806371326	0.7510913596	0.06053465359	0.6577951641	0.00806371326	0.006053465359	0.007058589309	0.008064412477	0.07511342068	0.006053761153	0.06578448562	0.007059058279	0.07044790329
21484673.45	0.04062241707	0.7917137767	0.06617253099	0.7239676951	0.004062241707	0.006617253099	0.005339747403	0.00406233109	0.07917575177	0.006617639482	0.07240212511	0.005339950419	0.07578785371
21624811.1	0.09731406556	0.8890278423	0.0676081894	0.7915758845	0.009731406556	0.00676081894	0.008246112748	0.009732635591	0.08890838736	0.006761231023	0.07916335613	0.0082468605	0.08403471421
22688195.27	0.01329838359	0.9023262258	0.07985300583	0.8714288903	0.001329838359	0.007985300583	0.004657569471	0.001329841494	0.09023822885	0.007985979598	0.08714933573	0.004657704193	0.08869241841
23325016.06	0.04708497523	0.9494112011	0.02703646246	0.8984653528	0.004708497523	0.002703646246	0.003706071884	0.004708636713	0.09494686557	0.002703672597	0.08985300832	0.003706139757	0.09239855816
24380028.82	0	0.9494112011	0.0378485403	0.9363138931	0	0.00378485403	0.001892427015	0	0.09494686557	0.003784926324	0.09363793465	0.001892436051	0.09429099421
24892326.2	0.05058879893	1	0.06368610694	1	0.005058879893	0.006368610694	0.005713745293	0.005059052528	0.1000059181	0.006368955135	0.1000068898	0.005713994028	0.1000049882
:chr 10
:ExpectedMaleRecPerMeiosisArm1 = 1
:ExpectedMaleRecPerMeiosisArm2 = 0
:ExpectedFemaleRecPerMeiosisArm1 = 1
:ExpectedFemaleRecPerMeiosisArm2 = 0
	male	male_accumulative	female	female_accumulative	Male_recombination_fraction	Female_recombination_fraction	Avg_recombination_fraction	Kosambi_male_interval	Kosambi_male_pos	Kosambi_female_interval	Kosambi_female_pos	Kosambi_both_interval	Kosambi_both_pos
2095128.015	0.05357079355	0.05357079355	0.04911454114	0.04911454114	0.005357079355	0.004911454114	0.005134266735	0.005357284355	0.005357284355	0.004911612091	0.004911612091	0.005134447203	0.005134447203
2990532.912	0.03937678314	0.0929475767	0.03252925601	0.08164379714	0.003937678314	0.003252925601	0.003595301957	0.003937759724	0.009295044079	0.003252971496	0.008164583587	0.003595363924	0.008729811127
4047329.563	0.04732405881	0.1402716355	0.03822013544	0.1198639326	0.004732405881	0.003822013544	0.004277209712	0.004732547202	0.01402759128	0.003822087989	0.01198667158	0.00427731405	0.01300712518
5648355.363	0.03728732513	0.1775589606	0.101651593	0.2215155256	0.003728732513	0.0101651593	0.006946945906	0.003728801638	0.01775639292	0.01016656014	0.02215323172	0.006947392971	0.01995451815
7377098.155	0.02255997006	0.2001189307	0.04532794176	0.2668434673	0.002255997006	0.004532794176	0.003394395591	0.002256012316	0.02001240523	0.004532918358	0.02668615007	0.003394447739	0.02334896589
8153689.982	0.0557010115	0.2558199422	0.03338320579	0.3002266731	0.00557010115	0.003338320579	0.004454210865	0.005570331592	0.02558273683	0.003338370185	0.03002452026	0.004454328699	0.02780329459
8714215.717	0.1072860945	0.3631060367	0.0467258929	0.346952566	0.01072860945	0.00467258929	0.00770059937	0.01073025643	0.03631299326	0.00467272532	0.03469724558	0.00770120831	0.0355045029
9940347.801	0.06799602549	0.4311020622	0.0350354249	0.3819879909	0.006799602549	0.00350354249	0.00515157252	0.006800021765	0.04311301502	0.003503599832	0.03820084541	0.005151754819	0.04065625772
10070327.85	0.05446166208	0.4855637243	0.01052560984	0.3925136008	0.005446166208	0.001052560984	0.003249363596	0.005446381606	0.04855939663	0.001052562538	0.03925340795	0.003249409341	0.04390566706
10637337.85	0.03549971251	0.5210634368	0.04911277508	0.4416263759	0.003549971251	0.004911277508	0.00423062438	0.003550030903	0.05210942753	0.004911435468	0.04416484342	0.004230725345	0.0481363924
12503502.26	0.09827600792	0.6193394447	0.007568166878	0.4491945427	0.009827600792	0.0007568166878	0.00529220874	0.009828866641	0.06193829417	0.0007568172658	0.04492166068	0.005292406382	0.05342879878
13622284.97	0.09998276461	0.7193222093	0.04520609326	0.494400636	0.009998276461	0.004520609326	0.007259442894	0.009999609425	0.0719379036	0.004520732509	0.04944239319	0.00725995305	0.06068875183
15962621.52	0.02741867893	0.7467408882	0.05968802466	0.5540886607	0.002741867893	0.005968802466	0.004355335179	0.002741895377	0.07467979898	0.005969086021	0.05541147921	0.004355445339	0.06504419717
16199788.23	0.03392291538	0.7806638036	0.04947340334	0.603562064	0.003392291538	0.004947340334	0.004169815936	0.003392343589	0.07807214257	0.004947501799	0.06035898101	0.004169912609	0.06921410978
16368562.29	0.08395906639	0.86462287	0.07166473024	0.6752267942	0.008395906639	0.007166473024	0.007781189832	0.00839669589	0.08646883846	0.007166963829	0.06752594484	0.007781818092	0.07699592787
16477347.72	0.02730894393	0.8919318139	0.06990819259	0.7451349868	0.002730894393	0.006990819259	0.004860856826	0.002730921549	0.08919976	0.006991274848	0.07451721969	0.00486100997	0.08185693784
16729705.65	0.05946063696	0.9513924509	0.05772727345	0.8028622603	0.005946063696	0.005772727345	0.00585939552	0.005946344022	0.09514610403	0.005772983862	0.08029020355	0.005859663766	0.08771660161
19992289.18	0	0.9513924509	0.102591021	0.9054532813	0	0.0102591021	0.00512955105	0	0.09514610403	0.01026054215	0.0905507457	0.005129731022	0.09284633263
22974961	0.01813279729	0.9695252482	0.04846783208	0.9539211133	0.001813279729	0.004846783208	0.003330031468	0.001813287678	0.0969593917	0.004846935026	0.09539768073	0.003330080706	0.09617641334
23481040.59	0.03047475182	1	0.04607888665	1	0.003047475182	0.004607888665	0.003827681924	0.003047512919	0.1000069046	0.004608019122	0.1000056998	0.0038277567	0.10000417
